0.22661469999002293
0.1667606999981217
0.15574489999562502
0.18870589998550713
0.11577350000152364
0.06121429998893291
0.211478499986697
0.04699389997404069
0.11222449998604134
0.1222325999988243
0.10135499999159947
0.07599659997504205
0.03214930003741756
0.11513699998613447
0.08422580000478774
0.16002780001144856
0.01170169998658821
0.09275810001417994
0.06360880000283942
0.03998529998352751
0.1768566999817267
0.025582299975212663
0.06881099997553974
0.17505089996848255
0.014831900014542043
0.18542480003088713
0.06712789996527135
0.041069399972911924
0.004108899971470237
0.0763507000519894
0.023627499991562217
0.04284980002557859
0.018456700025126338
0.09930140001233667
0.036446799989789724
0.08039910002844408
0.08267800003523007
0.1003158999956213
0.03740440000547096
0.04024480003863573
0.10522149997996166
0.07880110002588481
0.05067949998192489
0.04998040001373738
0.05907780001871288
0.038289999996777624
0.09971139999106526
0.0530989000108093
0.057863399968482554
0.06939660001080483
0.04624229995533824
0.05036569997901097
0.017012099968269467
0.05423670000163838
0.007168499985709786
0.06157399999210611
0.05200730002252385
0.04301700001815334
0.036560999986249954
0.05744659999618307
0.05355720000807196
0.09096850000787526
0.06667530001141131
0.0658504999591969
0.10171560000162572
0.14101260004099458
0.19208269997034222
0.5674740999820642
0.0499153999844566
0.04985700000543147
0.15027440001722425
0.05481050000526011
0.1539492000010796
0.1526890000095591
0.03388260002247989
0.17960319999838248
0.1322288999799639
0.09986499999649823
0.13001680001616478
0.017719399998895824
0.055274799990002066
0.044962899992242455
0.06947599997511134
0.12570360000245273
0.051586000015959144
0.029958999948576093
0.13784099998883903
0.05838259996380657
0.04902530001709238
0.10807269997894764
0.026321700017433614
0.06392679997952655
0.04143780004233122
0.07043920003343374
0.2222198999952525
total: 8.30815679981606
average: 0.08745428210332695
